2011	1	0	06-07	18
2011	1	0	07-08	36
2011	1	0	08-09	36
2011	1	0	09-10	54
2011	1	0	10-11	54
2011	1	0	11-12	72
2011	1	0	12-13	90
2011	1	0	13-14	120
2011	1	0	14-15	144
2011	1	0	15-16	180
2011	1	0	16-17	198
2011	1	0	17-18	234
2011	1	0	18-19	348
2011	1	0	19-20	384
2011	1	0	20-21	372
2011	1	0	21-22	126
2011	1	1	06-07	18
2011	1	1	07-08	36
2011	1	1	08-09	36
2011	1	1	09-10	36
2011	1	1	10-11	72
2011	1	1	11-12	54
2011	1	1	12-13	72
2011	1	1	13-14	90
2011	1	1	14-15	120
2011	1	1	15-16	144
2011	1	1	16-17	162
2011	1	1	17-18	180
2011	1	1	18-19	252
2011	1	1	19-20	348
2011	1	1	20-21	354
2011	1	1	21-22	144
2011	1	2	06-07	18
2011	1	2	07-08	36
2011	1	2	08-09	36
2011	1	2	09-10	54
2011	1	2	10-11	36
2011	1	2	11-12	72
2011	1	2	12-13	54
2011	1	2	13-14	72
2011	1	2	14-15	120
2011	1	2	15-16	156
2011	1	2	16-17	174
2011	1	2	17-18	162
2011	1	2	18-19	270
2011	1	2	19-20	348
2011	1	2	20-21	252
2011	1	2	21-22	126
2011	1	3	06-07	18
2011	1	3	07-08	36
2011	1	3	08-09	36
2011	1	3	09-10	36
2011	1	3	10-11	54
2011	1	3	11-12	54
2011	1	3	12-13	72
2011	1	3	13-14	72
2011	1	3	14-15	90
2011	1	3	15-16	120
2011	1	3	16-17	144
2011	1	3	17-18	162
2011	1	3	18-19	384
2011	1	3	19-20	330
2011	1	3	20-21	216
2011	1	3	21-22	126
2011	1	4	06-07	18
2011	1	4	07-08	36
2011	1	4	08-09	72
2011	1	4	09-10	96
2011	1	4	10-11	108
2011	1	4	11-12	120
2011	1	4	12-13	196
2011	1	4	13-14	216
2011	1	4	14-15	252
2011	1	4	15-16	276
2011	1	4	16-17	384
2011	1	4	17-18	480
2011	1	4	18-19	462
2011	1	4	19-20	498
2011	1	4	20-21	444
2011	1	4	21-22	360
2011	1	5	06-07	36
2011	1	5	07-08	72
2011	1	5	08-09	90
2011	1	5	09-10	108
2011	1	5	10-11	120
2011	1	5	11-12	204
2011	1	5	12-13	216
2011	1	5	13-14	306
2011	1	5	14-15	342
2011	1	5	15-16	360
2011	1	5	16-17	324
2011	1	5	17-18	384
2011	1	5	18-19	126
2011	1	5	19-20	360
2011	1	5	20-21	348
2011	1	5	21-22	330
2011	1	6	06-07	18
2011	1	6	07-08	36
2011	1	6	08-09	54
2011	1	6	09-10	72
2011	1	6	10-11	90
2011	1	6	11-12	108
2011	1	6	12-13	126
2011	1	6	13-14	192
2011	1	6	14-15	204
2011	1	6	15-16	144
2011	1	6	16-17	216
2011	1	6	17-18	276
2011	1	6	18-19	324
2011	1	6	19-20	360
2011	1	6	20-21	306
2011	1	6	21-22	192
2011	2	0	06-07	18
2011	2	0	07-08	36
2011	2	0	08-09	54
2011	2	0	09-10	54
2011	2	0	10-11	72
2011	2	0	11-12	72
2011	2	0	12-13	90
2011	2	0	13-14	150
2011	2	0	14-15	192
2011	2	0	15-16	246
2011	2	0	16-17	204
2011	2	0	17-18	234
2011	2	0	18-19	324
2011	2	0	19-20	360
2011	2	0	20-21	372
2011	2	0	21-22	196
2011	2	1	06-07	18
2011	2	1	07-08	36
2011	2	1	08-09	54
2011	2	1	09-10	72
2011	2	1	10-11	72
2011	2	1	11-12	54
2011	2	1	12-13	90
2011	2	1	13-14	90
2011	2	1	14-15	144
2011	2	1	15-16	120
2011	2	1	16-17	162
2011	2	1	17-18	174
2011	2	1	18-19	134
2011	2	1	19-20	330
2011	2	1	20-21	348
2011	2	1	21-22	174
2011	2	2	06-07	18
2011	2	2	07-08	36
2011	2	2	08-09	54
2011	2	2	09-10	54
2011	2	2	10-11	36
2011	2	2	11-12	54
2011	2	2	12-13	72
2011	2	2	13-14	72
2011	2	2	14-15	120
2011	2	2	15-16	196
2011	2	2	16-17	204
2011	2	2	17-18	144
2011	2	2	18-19	252
2011	2	2	19-20	360
2011	2	2	20-21	216
2011	2	2	21-22	162
2011	2	3	06-07	18
2011	2	3	07-08	36
2011	2	3	08-09	36
2011	2	3	09-10	54
2011	2	3	10-11	54
2011	2	3	11-12	54
2011	2	3	12-13	72
2011	2	3	13-14	72
2011	2	3	14-15	108
2011	2	3	15-16	126
2011	2	3	16-17	174
2011	2	3	17-18	180
2011	2	3	18-19	348
2011	2	3	19-20	360
2011	2	3	20-21	252
2011	2	3	21-22	144
2011	2	4	06-07	18
2011	2	4	07-08	36
2011	2	4	08-09	72
2011	2	4	09-10	96
2011	2	4	10-11	108
2011	2	4	11-12	120
2011	2	4	12-13	144
2011	2	4	13-14	204
2011	2	4	14-15	246
2011	2	4	15-16	324
2011	2	4	16-17	402
2011	2	4	17-18	444
2011	2	4	18-19	462
2011	2	4	19-20	498
2011	2	4	20-21	480
2011	2	4	21-22	324
2011	2	5	06-07	36
2011	2	5	07-08	72
2011	2	5	08-09	90
2011	2	5	09-10	108
2011	2	5	10-11	120
2011	2	5	11-12	234
2011	2	5	12-13	216
2011	2	5	13-14	360
2011	2	5	14-15	324
2011	2	5	15-16	384
2011	2	5	16-17	402
2011	2	5	17-18	420
2011	2	5	18-19	192
2011	2	5	19-20	252
2011	2	5	20-21	360
2011	2	5	21-22	300
2011	2	6	06-07	18
2011	2	6	07-08	54
2011	2	6	08-09	54
2011	2	6	09-10	102
2011	2	6	10-11	108
2011	2	6	11-12	120
2011	2	6	12-13	114
2011	2	6	13-14	174
2011	2	6	14-15	120
2011	2	6	15-16	196
2011	2	6	16-17	162
2011	2	6	17-18	144
2011	2	6	18-19	348
2011	2	6	19-20	360
2011	2	6	20-21	330
2011	2	6	21-22	204
2011	3	0	06-07	18
2011	3	0	07-08	36
2011	3	0	08-09	36
2011	3	0	09-10	54
2011	3	0	10-11	54
2011	3	0	11-12	90
2011	3	0	12-13	108
2011	3	0	13-14	144
2011	3	0	14-15	162
2011	3	0	15-16	210
2011	3	0	16-17	204
2011	3	0	17-18	282
2011	3	0	18-19	366
2011	3	0	19-20	384
2011	3	0	20-21	472
2011	3	0	21-22	150
2011	3	1	06-07	18
2011	3	1	07-08	36
2011	3	1	08-09	36
2011	3	1	09-10	54
2011	3	1	10-11	54
2011	3	1	11-12	72
2011	3	1	12-13	90
2011	3	1	13-14	90
2011	3	1	14-15	102
2011	3	1	15-16	186
2011	3	1	16-17	246
2011	3	1	17-18	288
2011	3	1	18-19	450
2011	3	1	19-20	366
2011	3	1	20-21	402
2011	3	1	21-22	144
2011	3	2	06-07	18
2011	3	2	07-08	36
2011	3	2	08-09	36
2011	3	2	09-10	54
2011	3	2	10-11	54
2011	3	2	11-12	72
2011	3	2	12-13	90
2011	3	2	13-14	72
2011	3	2	14-15	114
2011	3	2	15-16	168
2011	3	2	16-17	180
2011	3	2	17-18	366
2011	3	2	18-19	462
2011	3	2	19-20	402
2011	3	2	20-21	384
2011	3	2	21-22	156
2011	3	3	06-07	18
2011	3	3	07-08	36
2011	3	3	08-09	36
2011	3	3	09-10	36
2011	3	3	10-11	54
2011	3	3	11-12	54
2011	3	3	12-13	90
2011	3	3	13-14	108
2011	3	3	14-15	150
2011	3	3	15-16	186
2011	3	3	16-17	246
2011	3	3	17-18	324
2011	3	3	18-19	480
2011	3	3	19-20	348
2011	3	3	20-21	348
2011	3	3	21-22	186
2011	3	4	06-07	18
2011	3	4	07-08	54
2011	3	4	08-09	72
2011	3	4	09-10	90
2011	3	4	10-11	150
2011	3	4	11-12	210
2011	3	4	12-13	264
2011	3	4	13-14	282
2011	3	4	14-15	456
2011	3	4	15-16	512
2011	3	4	16-17	588
2011	3	4	17-18	672
2011	3	4	18-19	650
2011	3	4	19-20	690
2011	3	4	20-21	548
2011	3	4	21-22	396
2011	3	5	06-07	36
2011	3	5	07-08	72
2011	3	5	08-09	150
2011	3	5	09-10	156
2011	3	5	10-11	198
2011	3	5	11-12	210
2011	3	5	12-13	336
2011	3	5	13-14	294
2011	3	5	14-15	348
2011	3	5	15-16	408
2011	3	5	16-17	462
2011	3	5	17-18	426
2011	3	5	18-19	462
2011	3	5	19-20	438
2011	3	5	20-21	348
2011	3	5	21-22	234
2011	3	6	06-07	18
2011	3	6	07-08	54
2011	3	6	08-09	72
2011	3	6	09-10	108
2011	3	6	10-11	120
2011	3	6	11-12	192
2011	3	6	12-13	108
2011	3	6	13-14	252
2011	3	6	14-15	276
2011	3	6	15-16	324
2011	3	6	16-17	390
2011	3	6	17-18	324
2011	3	6	18-19	348
2011	3	6	19-20	384
2011	3	6	20-21	252
2011	3	6	21-22	120
2011	4	0	06-07	18
2011	4	0	07-08	36
2011	4	0	08-09	36
2011	4	0	09-10	54
2011	4	0	10-11	72
2011	4	0	11-12	108
2011	4	0	12-13	120
2011	4	0	13-14	186
2011	4	0	14-15	210
2011	4	0	15-16	282
2011	4	0	16-17	348
2011	4	0	17-18	548
2011	4	0	18-19	690
2011	4	0	19-20	672
2011	4	0	20-21	708
2011	4	0	21-22	324
2011	4	1	06-07	18
2011	4	1	07-08	36
2011	4	1	08-09	36
2011	4	1	09-10	54
2011	4	1	10-11	72
2011	4	1	11-12	102
2011	4	1	12-13	114
2011	4	1	13-14	162
2011	4	1	14-15	186
2011	4	1	15-16	288
2011	4	1	16-17	324
2011	4	1	17-18	462
2011	4	1	18-19	534
2011	4	1	19-20	650
2011	4	1	20-21	690
2011	4	1	21-22	246
2011	4	2	06-07	18
2011	4	2	07-08	36
2011	4	2	08-09	36
2011	4	2	09-10	54
2011	4	2	10-11	72
2011	4	2	11-12	96
2011	4	2	12-13	138
2011	4	2	13-14	168
2011	4	2	14-15	180
2011	4	2	15-16	366
2011	4	2	16-17	390
2011	4	2	17-18	426
2011	4	2	18-19	588
2011	4	2	19-20	690
2011	4	2	20-21	708
2011	4	2	21-22	210
2011	4	3	06-07	18
2011	4	3	07-08	36
2011	4	3	08-09	36
2011	4	3	09-10	36
2011	4	3	10-11	72
2011	4	3	11-12	90
2011	4	3	12-13	150
2011	4	3	13-14	186
2011	4	3	14-15	210
2011	4	3	15-16	324
2011	4	3	16-17	348
2011	4	3	17-18	450
2011	4	3	18-19	650
2011	4	3	19-20	672
2011	4	3	20-21	708
2011	4	3	21-22	204
2011	4	4	06-07	18
2011	4	4	07-08	54
2011	4	4	08-09	90
2011	4	4	09-10	96
2011	4	4	10-11	150
2011	4	4	11-12	228
2011	4	4	12-13	300
2011	4	4	13-14	444
2011	4	4	14-15	650
2011	4	4	15-16	690
2011	4	4	16-17	672
2011	4	4	17-18	690
2011	4	4	18-19	708
2011	4	4	19-20	690
2011	4	4	20-21	708
2011	4	4	21-22	402
2011	4	5	06-07	36
2011	4	5	07-08	72
2011	4	5	08-09	150
2011	4	5	09-10	174
2011	4	5	10-11	198
2011	4	5	11-12	210
2011	4	5	12-13	336
2011	4	5	13-14	462
2011	4	5	14-15	456
2011	4	5	15-16	650
2011	4	5	16-17	548
2011	4	5	17-18	588
2011	4	5	18-19	690
2011	4	5	19-20	650
2011	4	5	20-21	588
2011	4	5	21-22	324
2011	4	6	06-07	18
2011	4	6	07-08	54
2011	4	6	08-09	72
2011	4	6	09-10	108
2011	4	6	10-11	150
2011	4	6	11-12	204
2011	4	6	12-13	108
2011	4	6	13-14	348
2011	4	6	14-15	348
2011	4	6	15-16	384
2011	4	6	16-17	426
2011	4	6	17-18	390
2011	4	6	18-19	462
2011	4	6	19-20	408
2011	4	6	20-21	348
2011	4	6	21-22	252
2011	5	0	06-07	18
2011	5	0	07-08	36
2011	5	0	08-09	36
2011	5	0	09-10	54
2011	5	0	10-11	54
2011	5	0	11-12	108
2011	5	0	12-13	120
2011	5	0	13-14	168
2011	5	0	14-15	186
2011	5	0	15-16	246
2011	5	0	16-17	324
2011	5	0	17-18	348
2011	5	0	18-19	384
2011	5	0	19-20	462
2011	5	0	20-21	588
2011	5	0	21-22	210
2011	5	1	06-07	18
2011	5	1	07-08	36
2011	5	1	08-09	36
2011	5	1	09-10	54
2011	5	1	10-11	54
2011	5	1	11-12	90
2011	5	1	12-13	96
2011	5	1	13-14	108
2011	5	1	14-15	120
2011	5	1	15-16	210
2011	5	1	16-17	276
2011	5	1	17-18	324
2011	5	1	18-19	450
2011	5	1	19-20	512
2011	5	1	20-21	438
2011	5	1	21-22	198
2011	5	2	06-07	18
2011	5	2	07-08	36
2011	5	2	08-09	36
2011	5	2	09-10	54
2011	5	2	10-11	54
2011	5	2	11-12	90
2011	5	2	12-13	108
2011	5	2	13-14	102
2011	5	2	14-15	120
2011	5	2	15-16	186
2011	5	2	16-17	348
2011	5	2	17-18	426
2011	5	2	18-19	462
2011	5	2	19-20	588
2011	5	2	20-21	384
2011	5	2	21-22	156
2011	5	3	06-07	18
2011	5	3	07-08	36
2011	5	3	08-09	36
2011	5	3	09-10	36
2011	5	3	10-11	54
2011	5	3	11-12	72
2011	5	3	12-13	120
2011	5	3	13-14	156
2011	5	3	14-15	114
2011	5	3	15-16	276
2011	5	3	16-17	390
2011	5	3	17-18	462
2011	5	3	18-19	512
2011	5	3	19-20	426
2011	5	3	20-21	348
2011	5	3	21-22	186
2011	5	4	06-07	18
2011	5	4	07-08	54
2011	5	4	08-09	72
2011	5	4	09-10	102
2011	5	4	10-11	150
2011	5	4	11-12	276
2011	5	4	12-13	276
2011	5	4	13-14	324
2011	5	4	14-15	456
2011	5	4	15-16	512
2011	5	4	16-17	650
2011	5	4	17-18	672
2011	5	4	18-19	698
2011	5	4	19-20	690
2011	5	4	20-21	588
2011	5	4	21-22	426
2011	5	5	06-07	36
2011	5	5	07-08	72
2011	5	5	08-09	156
2011	5	5	09-10	186
2011	5	5	10-11	210
2011	5	5	11-12	276
2011	5	5	12-13	426
2011	5	5	13-14	588
2011	5	5	14-15	348
2011	5	5	15-16	450
2011	5	5	16-17	512
2011	5	5	17-18	456
2011	5	5	18-19	588
2011	5	5	19-20	548
2011	5	5	20-21	426
2011	5	5	21-22	324
2011	5	6	06-07	18
2011	5	6	07-08	54
2011	5	6	08-09	90
2011	5	6	09-10	120
2011	5	6	10-11	210
2011	5	6	11-12	204
2011	5	6	12-13	348
2011	5	6	13-14	390
2011	5	6	14-15	426
2011	5	6	15-16	390
2011	5	6	16-17	462
2011	5	6	17-18	456
2011	5	6	18-19	348
2011	5	6	19-20	384
2011	5	6	20-21	252
2011	5	6	21-22	138
2011	6	0	06-07	18
2011	6	0	07-08	36
2011	6	0	08-09	36
2011	6	0	09-10	36
2011	6	0	10-11	54
2011	6	0	11-12	54
2011	6	0	12-13	72
2011	6	0	13-14	102
2011	6	0	14-15	108
2011	6	0	15-16	120
2011	6	0	16-17	246
2011	6	0	17-18	348
2011	6	0	18-19	426
2011	6	0	19-20	462
2011	6	0	20-21	252
2011	6	0	21-22	114
2011	6	1	06-07	18
2011	6	1	07-08	36
2011	6	1	08-09	36
2011	6	1	09-10	48
2011	6	1	10-11	54
2011	6	1	11-12	90
2011	6	1	12-13	96
2011	6	1	13-14	108
2011	6	1	14-15	120
2011	6	1	15-16	276
2011	6	1	16-17	324
2011	6	1	17-18	348
2011	6	1	18-19	450
2011	6	1	19-20	426
2011	6	1	20-21	324
2011	6	1	21-22	186
2011	6	2	06-07	18
2011	6	2	07-08	36
2011	6	2	08-09	36
2011	6	2	09-10	48
2011	6	2	10-11	72
2011	6	2	11-12	90
2011	6	2	12-13	96
2011	6	2	13-14	108
2011	6	2	14-15	120
2011	6	2	15-16	156
2011	6	2	16-17	210
2011	6	2	17-18	246
2011	6	2	18-19	324
2011	6	2	19-20	348
2011	6	2	20-21	456
2011	6	2	21-22	120
2011	6	3	06-07	18
2011	6	3	07-08	36
2011	6	3	08-09	36
2011	6	3	09-10	54
2011	6	3	10-11	72
2011	6	3	11-12	96
2011	6	3	12-13	108
2011	6	3	13-14	102
2011	6	3	14-15	156
2011	6	3	15-16	276
2011	6	3	16-17	348
2011	6	3	17-18	450
2011	6	3	18-19	512
2011	6	3	19-20	426
2011	6	3	20-21	390
2011	6	3	21-22	90
2011	6	4	06-07	18
2011	6	4	07-08	36
2011	6	4	08-09	48
2011	6	4	09-10	54
2011	6	4	10-11	96
2011	6	4	11-12	108
2011	6	4	12-13	120
2011	6	4	13-14	114
2011	6	4	14-15	210
2011	6	4	15-16	276
2011	6	4	16-17	348
2011	6	4	17-18	324
2011	6	4	18-19	456
2011	6	4	19-20	462
2011	6	4	20-21	390
2011	6	4	21-22	156
2011	6	5	06-07	36
2011	6	5	07-08	36
2011	6	5	08-09	48
2011	6	5	09-10	54
2011	6	5	10-11	90
2011	6	5	11-12	102
2011	6	5	12-13	120
2011	6	5	13-14	144
2011	6	5	14-15	210
2011	6	5	15-16	246
2011	6	5	16-17	276
2011	6	5	17-18	306
2011	6	5	18-19	360
2011	6	5	19-20	462
2011	6	5	20-21	276
2011	6	5	21-22	144
2011	6	6	06-07	18
2011	6	6	07-08	48
2011	6	6	08-09	48
2011	6	6	09-10	54
2011	6	6	10-11	96
2011	6	6	11-12	102
2011	6	6	12-13	108
2011	6	6	13-14	120
2011	6	6	14-15	144
2011	6	6	15-16	174
2011	6	6	16-17	192
2011	6	6	17-18	216
2011	6	6	18-19	276
2011	6	6	19-20	360
2011	6	6	20-21	348
2011	6	6	21-22	252
2011	7	0	06-07	18
2011	7	0	07-08	36
2011	7	0	08-09	36
2011	7	0	09-10	54
2011	7	0	10-11	54
2011	7	0	11-12	90
2011	7	0	12-13	108
2011	7	0	13-14	120
2011	7	0	14-15	168
2011	7	0	15-16	246
2011	7	0	16-17	198
2011	7	0	17-18	324
2011	7	0	18-19	366
2011	7	0	19-20	384
2011	7	0	20-21	348
2011	7	0	21-22	150
2011	7	1	06-07	18
2011	7	1	07-08	36
2011	7	1	08-09	36
2011	7	1	09-10	54
2011	7	1	10-11	54
2011	7	1	11-12	72
2011	7	1	12-13	96
2011	7	1	13-14	102
2011	7	1	14-15	108
2011	7	1	15-16	210
2011	7	1	16-17	246
2011	7	1	17-18	306
2011	7	1	18-19	426
2011	7	1	19-20	348
2011	7	1	20-21	426
2011	7	1	21-22	144
2011	7	2	06-07	18
2011	7	2	07-08	36
2011	7	2	08-09	36
2011	7	2	09-10	54
2011	7	2	10-11	54
2011	7	2	11-12	72
2011	7	2	12-13	96
2011	7	2	13-14	108
2011	7	2	14-15	120
2011	7	2	15-16	180
2011	7	2	16-17	210
2011	7	2	17-18	348
2011	7	2	18-19	462
2011	7	2	19-20	450
2011	7	2	20-21	384
2011	7	2	21-22	120
2011	7	3	06-07	18
2011	7	3	07-08	36
2011	7	3	08-09	36
2011	7	3	09-10	36
2011	7	3	10-11	72
2011	7	3	11-12	90
2011	7	3	12-13	102
2011	7	3	13-14	108
2011	7	3	14-15	156
2011	7	3	15-16	216
2011	7	3	16-17	246
2011	7	3	17-18	348
2011	7	3	18-19	480
2011	7	3	19-20	450
2011	7	3	20-21	348
2011	7	3	21-22	186
2011	7	4	06-07	18
2011	7	4	07-08	54
2011	7	4	08-09	72
2011	7	4	09-10	90
2011	7	4	10-11	114
2011	7	4	11-12	210
2011	7	4	12-13	264
2011	7	4	13-14	282
2011	7	4	14-15	456
2011	7	4	15-16	512
2011	7	4	16-17	588
2011	7	4	17-18	672
2011	7	4	18-19	650
2011	7	4	19-20	690
2011	7	4	20-21	548
2011	7	4	21-22	396
2011	7	5	06-07	36
2011	7	5	07-08	72
2011	7	5	08-09	96
2011	7	5	09-10	90
2011	7	5	10-11	156
2011	7	5	11-12	210
2011	7	5	12-13	336
2011	7	5	13-14	294
2011	7	5	14-15	348
2011	7	5	15-16	408
2011	7	5	16-17	462
2011	7	5	17-18	426
2011	7	5	18-19	462
2011	7	5	19-20	438
2011	7	5	20-21	348
2011	7	5	21-22	234
2011	7	6	06-07	18
2011	7	6	07-08	54
2011	7	6	08-09	72
2011	7	6	09-10	96
2011	7	6	10-11	120
2011	7	6	11-12	144
2011	7	6	12-13	102
2011	7	6	13-14	246
2011	7	6	14-15	264
2011	7	6	15-16	366
2011	7	6	16-17	402
2011	7	6	17-18	336
2011	7	6	18-19	348
2011	7	6	19-20	402
2011	7	6	20-21	246
2011	7	6	21-22	120
2011	8	0	06-07	18
2011	8	0	07-08	36
2011	8	0	08-09	54
2011	8	0	09-10	54
2011	8	0	10-11	72
2011	8	0	11-12	114
2011	8	0	12-13	144
2011	8	0	13-14	210
2011	8	0	14-15	228
2011	8	0	15-16	282
2011	8	0	16-17	348
2011	8	0	17-18	650
2011	8	0	18-19	690
2011	8	0	19-20	672
2011	8	0	20-21	708
2011	8	0	21-22	324
2011	8	1	06-07	18
2011	8	1	07-08	36
2011	8	1	08-09	54
2011	8	1	09-10	54
2011	8	1	10-11	72
2011	8	1	11-12	102
2011	8	1	12-13	120
2011	8	1	13-14	162
2011	8	1	14-15	186
2011	8	1	15-16	288
2011	8	1	16-17	324
2011	8	1	17-18	462
2011	8	1	18-19	534
2011	8	1	19-20	708
2011	8	1	20-21	690
2011	8	1	21-22	246
2011	8	2	06-07	18
2011	8	2	07-08	36
2011	8	2	08-09	54
2011	8	2	09-10	54
2011	8	2	10-11	72
2011	8	2	11-12	96
2011	8	2	12-13	138
2011	8	2	13-14	168
2011	8	2	14-15	180
2011	8	2	15-16	366
2011	8	2	16-17	390
2011	8	2	17-18	426
2011	8	2	18-19	588
2011	8	2	19-20	690
2011	8	2	20-21	708
2011	8	2	21-22	210
2011	8	3	06-07	18
2011	8	3	07-08	36
2011	8	3	08-09	54
2011	8	3	09-10	54
2011	8	3	10-11	72
2011	8	3	11-12	96
2011	8	3	12-13	150
2011	8	3	13-14	186
2011	8	3	14-15	210
2011	8	3	15-16	324
2011	8	3	16-17	348
2011	8	3	17-18	450
2011	8	3	18-19	690
2011	8	3	19-20	672
2011	8	3	20-21	708
2011	8	3	21-22	204
2011	8	4	06-07	18
2011	8	4	07-08	54
2011	8	4	08-09	90
2011	8	4	09-10	96
2011	8	4	10-11	150
2011	8	4	11-12	228
2011	8	4	12-13	366
2011	8	4	13-14	462
2011	8	4	14-15	650
2011	8	4	15-16	690
2011	8	4	16-17	672
2011	8	4	17-18	690
2011	8	4	18-19	708
2011	8	4	19-20	690
2011	8	4	20-21	708
2011	8	4	21-22	402
2011	8	5	06-07	36
2011	8	5	07-08	54
2011	8	5	08-09	144
2011	8	5	09-10	174
2011	8	5	10-11	198
2011	8	5	11-12	228
2011	8	5	12-13	480
2011	8	5	13-14	462
2011	8	5	14-15	456
2011	8	5	15-16	650
2011	8	5	16-17	548
2011	8	5	17-18	588
2011	8	5	18-19	690
2011	8	5	19-20	650
2011	8	5	20-21	588
2011	8	5	21-22	324
2011	8	6	06-07	18
2011	8	6	07-08	54
2011	8	6	08-09	72
2011	8	6	09-10	108
2011	8	6	10-11	150
2011	8	6	11-12	246
2011	8	6	12-13	114
2011	8	6	13-14	348
2011	8	6	14-15	336
2011	8	6	15-16	324
2011	8	6	16-17	426
2011	8	6	17-18	650
2011	8	6	18-19	462
2011	8	6	19-20	402
2011	8	6	20-21	348
2011	8	6	21-22	252
2011	9	0	06-07	18
2011	9	0	07-08	36
2011	9	0	08-09	36
2011	9	0	09-10	54
2011	9	0	10-11	54
2011	9	0	11-12	90
2011	9	0	12-13	108
2011	9	0	13-14	144
2011	9	0	14-15	162
2011	9	0	15-16	210
2011	9	0	16-17	204
2011	9	0	17-18	348
2011	9	0	18-19	426
2011	9	0	19-20	650
2011	9	0	20-21	472
2011	9	0	21-22	180
2011	9	1	06-07	18
2011	9	1	07-08	36
2011	9	1	08-09	36
2011	9	1	09-10	54
2011	9	1	10-11	54
2011	9	1	11-12	72
2011	9	1	12-13	90
2011	9	1	13-14	90
2011	9	1	14-15	102
2011	9	1	15-16	186
2011	9	1	16-17	246
2011	9	1	17-18	288
2011	9	1	18-19	548
2011	9	1	19-20	456
2011	9	1	20-21	534
2011	9	1	21-22	168
2011	9	2	06-07	18
2011	9	2	07-08	36
2011	9	2	08-09	36
2011	9	2	09-10	54
2011	9	2	10-11	54
2011	9	2	11-12	72
2011	9	2	12-13	90
2011	9	2	13-14	72
2011	9	2	14-15	114
2011	9	2	15-16	168
2011	9	2	16-17	180
2011	9	2	17-18	366
2011	9	2	18-19	462
2011	9	2	19-20	426
2011	9	2	20-21	588
2011	9	2	21-22	156
2011	9	3	06-07	18
2011	9	3	07-08	36
2011	9	3	08-09	36
2011	9	3	09-10	36
2011	9	3	10-11	54
2011	9	3	11-12	54
2011	9	3	12-13	90
2011	9	3	13-14	108
2011	9	3	14-15	150
2011	9	3	15-16	186
2011	9	3	16-17	246
2011	9	3	17-18	324
2011	9	3	18-19	480
2011	9	3	19-20	588
2011	9	3	20-21	650
2011	9	3	21-22	228
2011	9	4	06-07	18
2011	9	4	07-08	54
2011	9	4	08-09	72
2011	9	4	09-10	90
2011	9	4	10-11	150
2011	9	4	11-12	210
2011	9	4	12-13	264
2011	9	4	13-14	462
2011	9	4	14-15	456
2011	9	4	15-16	512
2011	9	4	16-17	690
2011	9	4	17-18	672
2011	9	4	18-19	650
2011	9	4	19-20	708
2011	9	4	20-21	690
2011	9	4	21-22	396
2011	9	5	06-07	36
2011	9	5	07-08	72
2011	9	5	08-09	150
2011	9	5	09-10	156
2011	9	5	10-11	198
2011	9	5	11-12	210
2011	9	5	12-13	548
2011	9	5	13-14	534
2011	9	5	14-15	348
2011	9	5	15-16	408
2011	9	5	16-17	462
2011	9	5	17-18	426
2011	9	5	18-19	588
2011	9	5	19-20	650
2011	9	5	20-21	480
2011	9	5	21-22	234
2011	9	6	06-07	18
2011	9	6	07-08	54
2011	9	6	08-09	72
2011	9	6	09-10	108
2011	9	6	10-11	348
2011	9	6	11-12	192
2011	9	6	12-13	108
2011	9	6	13-14	252
2011	9	6	14-15	276
2011	9	6	15-16	462
2011	9	6	16-17	390
2011	9	6	17-18	324
2011	9	6	18-19	348
2011	9	6	19-20	384
2011	9	6	20-21	252
2011	9	6	21-22	120
2011	10	0	06-07	18
2011	10	0	07-08	36
2011	10	0	08-09	36
2011	10	0	09-10	36
2011	10	0	10-11	54
2011	10	0	11-12	90
2011	10	0	12-13	96
2011	10	0	13-14	120
2011	10	0	14-15	144
2011	10	0	15-16	186
2011	10	0	16-17	210
2011	10	0	17-18	426
2011	10	0	18-19	456
2011	10	0	19-20	528
2011	10	0	20-21	531
2011	10	0	21-22	144
2011	10	1	06-07	18
2011	10	1	07-08	36
2011	10	1	08-09	36
2011	10	1	09-10	36
2011	10	1	10-11	36
2011	10	1	11-12	54
2011	10	1	12-13	72
2011	10	1	13-14	108
2011	10	1	14-15	120
2011	10	1	15-16	150
2011	10	1	16-17	168
2011	10	1	17-18	384
2011	10	1	18-19	650
2011	10	1	19-20	548
2011	10	1	20-21	426
2011	10	1	21-22	144
2011	10	2	06-07	18
2011	10	2	07-08	36
2011	10	2	08-09	36
2011	10	2	09-10	36
2011	10	2	10-11	36
2011	10	2	11-12	54
2011	10	2	12-13	54
2011	10	2	13-14	90
2011	10	2	14-15	144
2011	10	2	15-16	144
2011	10	2	16-17	180
2011	10	2	17-18	414
2011	10	2	18-19	462
2011	10	2	19-20	444
2011	10	2	20-21	534
2011	10	2	21-22	144
2011	10	3	06-07	18
2011	10	3	07-08	36
2011	10	3	08-09	36
2011	10	3	09-10	36
2011	10	3	10-11	54
2011	10	3	11-12	54
2011	10	3	12-13	72
2011	10	3	13-14	90
2011	10	3	14-15	126
2011	10	3	15-16	144
2011	10	3	16-17	198
2011	10	3	17-18	432
2011	10	3	18-19	462
2011	10	3	19-20	588
2011	10	3	20-21	426
2011	10	3	21-22	126
2011	10	4	06-07	18
2011	10	4	07-08	36
2011	10	4	08-09	72
2011	10	4	09-10	120
2011	10	4	10-11	144
2011	10	4	11-12	150
2011	10	4	12-13	180
2011	10	4	13-14	210
2011	10	4	14-15	444
2011	10	4	15-16	480
2011	10	4	16-17	528
2011	10	4	17-18	558
2011	10	4	18-19	588
2011	10	4	19-20	690
2011	10	4	20-21	650
2011	10	4	21-22	360
2011	10	5	06-07	36
2011	10	5	07-08	72
2011	10	5	08-09	72
2011	10	5	09-10	108
2011	10	5	10-11	192
2011	10	5	11-12	216
2011	10	5	12-13	204
2011	10	5	13-14	276
2011	10	5	14-15	324
2011	10	5	15-16	444
2011	10	5	16-17	360
2011	10	5	17-18	462
2011	10	5	18-19	528
2011	10	5	19-20	546
2011	10	5	20-21	480
2011	10	5	21-22	360
2011	10	6	06-07	18
2011	10	6	07-08	36
2011	10	6	08-09	72
2011	10	6	09-10	90
2011	10	6	10-11	324
2011	10	6	11-12	306
2011	10	6	12-13	240
2011	10	6	13-14	144
2011	10	6	14-15	204
2011	10	6	15-16	208
2011	10	6	16-17	216
2011	10	6	17-18	306
2011	10	6	18-19	276
2011	10	6	19-20	144
2011	10	6	20-21	144
2011	10	6	21-22	120
2011	11	0	06-07	18
2011	11	0	07-08	36
2011	11	0	08-09	36
2011	11	0	09-10	54
2011	11	0	10-11	54
2011	11	0	11-12	90
2011	11	0	12-13	96
2011	11	0	13-14	108
2011	11	0	14-15	120
2011	11	0	15-16	150
2011	11	0	16-17	240
2011	11	0	17-18	330
2011	11	0	18-19	530
2011	11	0	19-20	570
2011	11	0	20-21	534
2011	11	0	21-22	168
2011	11	1	06-07	18
2011	11	1	07-08	36
2011	11	1	08-09	36
2011	11	1	09-10	54
2011	11	1	10-11	54
2011	11	1	11-12	72
2011	11	1	12-13	90
2011	11	1	13-14	90
2011	11	1	14-15	114
2011	11	1	15-16	180
2011	11	1	16-17	246
2011	11	1	17-18	300
2011	11	1	18-19	500
2011	11	1	19-20	492
2011	11	1	20-21	490
2011	11	1	21-22	150
2011	11	2	06-07	18
2011	11	2	07-08	36
2011	11	2	08-09	36
2011	11	2	09-10	54
2011	11	2	10-11	54
2011	11	2	11-12	72
2011	11	2	12-13	90
2011	11	2	13-14	72
2011	11	2	14-15	108
2011	11	2	15-16	150
2011	11	2	16-17	210
2011	11	2	17-18	324
2011	11	2	18-19	444
2011	11	2	19-20	546
2011	11	2	20-21	528
2011	11	2	21-22	144
2011	11	3	06-07	18
2011	11	3	07-08	36
2011	11	3	08-09	36
2011	11	3	09-10	36
2011	11	3	10-11	54
2011	11	3	11-12	54
2011	11	3	12-13	90
2011	11	3	13-14	108
2011	11	3	14-15	144
2011	11	3	15-16	180
2011	11	3	16-17	240
2011	11	3	17-18	306
2011	11	3	18-19	462
2011	11	3	19-20	570
2011	11	3	20-21	620
2011	11	3	21-22	216
2011	11	4	06-07	18
2011	11	4	07-08	54
2011	11	4	08-09	72
2011	11	4	09-10	90
2011	11	4	10-11	150
2011	11	4	11-12	210
2011	11	4	12-13	216
2011	11	4	13-14	426
2011	11	4	14-15	444
2011	11	4	15-16	512
2011	11	4	16-17	588
2011	11	4	17-18	650
2011	11	4	18-19	672
2011	11	4	19-20	708
2011	11	4	20-21	690
2011	11	4	21-22	360
2011	11	5	06-07	36
2011	11	5	07-08	72
2011	11	5	08-09	120
2011	11	5	09-10	144
2011	11	5	10-11	180
2011	11	5	11-12	210
2011	11	5	12-13	528
2011	11	5	13-14	534
2011	11	5	14-15	348
2011	11	5	15-16	408
2011	11	5	16-17	444
2011	11	5	17-18	426
2011	11	5	18-19	546
2011	11	5	19-20	632
2011	11	5	20-21	480
2011	11	5	21-22	234
2011	11	6	06-07	18
2011	11	6	07-08	54
2011	11	6	08-09	72
2011	11	6	09-10	108
2011	11	6	10-11	324
2011	11	6	11-12	180
2011	11	6	12-13	96
2011	11	6	13-14	246
2011	11	6	14-15	210
2011	11	6	15-16	444
2011	11	6	16-17	348
2011	11	6	17-18	324
2011	11	6	18-19	348
2011	11	6	19-20	360
2011	11	6	20-21	240
2011	11	6	21-22	96
2012	0	0	06-07	18
2012	0	0	07-08	36
2012	0	0	08-09	54
2012	0	0	09-10	54
2012	0	0	10-11	72
2012	0	0	11-12	72
2012	0	0	12-13	90
2012	0	0	13-14	150
2012	0	0	14-15	192
2012	0	0	15-16	252
2012	0	0	16-17	306
2012	0	0	17-18	348
2012	0	0	18-19	360
2012	0	0	19-20	444
2012	0	0	20-21	372
2012	0	0	21-22	168
2012	0	1	06-07	18
2012	0	1	07-08	36
2012	0	1	08-09	54
2012	0	1	09-10	72
2012	0	1	10-11	72
2012	0	1	11-12	54
2012	0	1	12-13	90
2012	0	1	13-14	120
2012	0	1	14-15	144
2012	0	1	15-16	174
2012	0	1	16-17	246
2012	0	1	17-18	324
2012	0	1	18-19	426
2012	0	1	19-20	360
2012	0	1	20-21	348
2012	0	1	21-22	174
2012	0	2	06-07	18
2012	0	2	07-08	36
2012	0	2	08-09	54
2012	0	2	09-10	54
2012	0	2	10-11	36
2012	0	2	11-12	54
2012	0	2	12-13	72
2012	0	2	13-14	90
2012	0	2	14-15	174
2012	0	2	15-16	196
2012	0	2	16-17	246
2012	0	2	17-18	330
2012	0	2	18-19	408
2012	0	2	19-20	330
2012	0	2	20-21	324
2012	0	2	21-22	162
2012	0	3	06-07	18
2012	0	3	07-08	36
2012	0	3	08-09	36
2012	0	3	09-10	54
2012	0	3	10-11	54
2012	0	3	11-12	54
2012	0	3	12-13	72
2012	0	3	13-14	120
2012	0	3	14-15	180
2012	0	3	15-16	216
2012	0	3	16-17	252
2012	0	3	17-18	360
2012	0	3	18-19	384
2012	0	3	19-20	360
2012	0	3	20-21	252
2012	0	3	21-22	144
2012	0	4	06-07	18
2012	0	4	07-08	36
2012	0	4	08-09	72
2012	0	4	09-10	96
2012	0	4	10-11	108
2012	0	4	11-12	120
2012	0	4	12-13	144
2012	0	4	13-14	234
2012	0	4	14-15	252
2012	0	4	15-16	324
2012	0	4	16-17	402
2012	0	4	17-18	512
2012	0	4	18-19	620
2012	0	4	19-20	498
2012	0	4	20-21	480
2012	0	4	21-22	324
2012	0	5	06-07	36
2012	0	5	07-08	72
2012	0	5	08-09	90
2012	0	5	09-10	108
2012	0	5	10-11	120
2012	0	5	11-12	234
2012	0	5	12-13	216
2012	0	5	13-14	360
2012	0	5	14-15	324
2012	0	5	15-16	384
2012	0	5	16-17	402
2012	0	5	17-18	420
2012	0	5	18-19	192
2012	0	5	19-20	252
2012	0	5	20-21	360
2012	0	5	21-22	300
2012	0	6	06-07	18
2012	0	6	07-08	54
2012	0	6	08-09	54
2012	0	6	09-10	102
2012	0	6	10-11	108
2012	0	6	11-12	120
2012	0	6	12-13	114
2012	0	6	13-14	196
2012	0	6	14-15	144
2012	0	6	15-16	252
2012	0	6	16-17	192
2012	0	6	17-18	246
2012	0	6	18-19	348
2012	0	6	19-20	360
2012	0	6	20-21	330
2012	0	6	21-22	204